1175 1371
2206 2355
2416 2494
2966 3179
3291 3330
4109 4147
4514 4828
4969 5092
5121 5160
11529 11734
11915 12003
12868 12894
13085 13111
13329 13713
14824 15414
15416 15525
15748 15798
15873 15957
15959 16485
17416 17642
17842 17977
20780 20876
22083 22212
23428 23557
23621 23846
28454 28543
28545 28669
30360 30426
30505 30577
31528 31748
35352 35525
35527 35661
36358 36539
37193 37224
38100 38124
38544 38610
40982 41177
45083 45206
45422 45523
46221 46458
47036 47154
52876 53061
54604 54788
57275 57350
60980 61327
62088 62223
